1
2
3
4
5
6
7
8
9
12
16
17
18
21
22
23
24
25
34
36
37
40
43
45
47
49
50
53
54
55
59
60
61
62
63
71
72
73
74
76
78
79
80
84
89
90
91
94
96
97
101
104
105
107
111
112
115
117
119
121
123
124
125
126
127
128
131
133
134
135
140
142
145
148
149
150
151
155
160
163
165
168
170
172
173
174
179
180
182
186
187
188
189
191
192
195
205
207
209
220
222
227
228
240
241
242
244
254
255
256
257
260
261
264
265
266
267
269
271
272
273
276
282
291
292
293
294
296
298
299
300
303
304
305
306
307
308
309
310
311
314
315
316
318
320
321
322
323
324
325
326
327
328
329
333
334
335
336
337
338
339
340
341
342
343
344
345
346
347
348
349
352
353
355
358
359
362
363
364
365
366
373
375
376
377
378
381
382
383
386
388
391
393
394
395
397
399
401
406
410
413
416
417
418
422
424
425
432
435
439
448
450
452
454
455
456
457
458
459
460
461
465
472
474
475
476
477
478
479
481
484
487
489
493
495
496
502
504
505
518
525
526
527
528
529
531
535
537
538
540
541
542
547
551
553
555
556
559
560
562
563
564
565
568
569
570
572
573
576
580
584
585
587
601
604
607
608
610
611
620
623
625
626
628
629
630
641
643
644
645
646
648
651
652
655
659
661
662
663
664
665
666
667
668
671
672
679
685
686
689
690
696
700
710
721
730
731
732
733
734
736
754
761
766
771
773
784
785
788
789
792
794
796
798
799
808
826
830
837
843
851
854
855
857
858
859
861
872
889
892
899
903
912
925
933
934
935
939
940
943
944
948
959
960
961
962
964
965
966
972
973
974
976
977
978
979
981
992
996
997
1008
1036
1040
1041
1043
1047
1053
1055
1056
1059
1061
1072
1076
1080
1082
1083
1100
1106
1107
1109
1126
1142
1149
1154
1155
1157
1167
1180
1181
1182
1184
1185
1187
1188
1189
1191
1192
1193
1195
1198
1199
1200
1201
1205
1209
1210
1211
1212
1213
1214
1215
1216
1219
1220
1222
1224
1225
1226
1228
1233
1235
1236
1237
1240
1241
1244
1245
1246
1248
1250
1251
1253
1254
1257
1259
1260
1261
1262
1263
1264
1268
1271
1273
1274
1278
1281
1282
1284
1288
1292
1299
1300
1301
1302
1304
1307
1309
1310
1311
1313
1319
1321
1322
1323
1324
1325
1344
1347
1349
1351
1353
1354
1355
1356
1364
1365
1366
1368
1370
1371
1372
1375
1377
1381
1382
1383
1384
1385
1386
1387
1391
1394
1395
