2
25
64
65
71
72
93
110
132
142
169
170
171
175
177
178
187
190
192
193
201
205
212
221
252
253
256
262
263
265
291
308
309
310
311
317
319
328
329
334
335
345
373
384
401
402
403
410
411
415
421
439
456
469
482
495
496
503
504
517
518
552
556
557
568
569
572
575
595
609
612
625
654
656
663
665
692
693
694
793
794
798
800
803
804
805
806
807
810
903
917
939
947
949
974
976
993
998
1006
1007
1010
1077
1107
1114
1151
1156
1157
1179
1181
1186
1189
1198
1202
1203
1208
1225
1228
1230
1238
1239
1245
1247
1248
1252
1257
1258
1267
1274
1276
1298
1300
1303
1307
1310
1312
1313
1314
1315
1316
1317
1318
1319
1327
1356
1364
1367
1389
1390
1391
