1
3
4
10
11
14
15
16
19
20
25
27
29
31
35
36
37
38
39
44
48
49
53
54
55
56
57
58
59
62
63
64
65
70
74
75
76
77
79
80
84
85
89
90
91
92
94
95
96
97
101
108
109
110
112
114
115
116
120
121
122
123
124
126
128
131
132
133
134
138
139
140
141
144
147
151
152
154
155
157
165
166
168
169
173
174
175
176
177
179
183
185
186
187
188
189
191
192
193
194
195
196
197
198
203
205
206
209
210
211
212
213
215
216
219
220
222
224
225
226
227
230
232
234
235
236
239
240
241
242
243
245
246
247
248
249
250
252
253
257
258
259
260
262
263
266
276
277
278
279
282
283
285
287
288
289
291
292
294
296
297
302
304
305
307
308
309
310
311
312
314
321
326
328
329
332
334
335
338
344
345
346
347
348
351
352
354
356
358
362
363
364
369
370
372
373
379
381
383
386
388
391
403
406
407
409
411
413
414
415
416
417
421
423
426
427
428
430
431
433
435
439
443
447
449
452
454
456
457
458
459
464
465
466
467
468
470
473
475
477
478
484
486
487
489
491
492
495
496
497
498
500
506
508
512
513
514
518
519
522
525
528
529
535
536
538
540
542
545
546
549
553
554
556
557
558
561
562
563
564
565
566
567
569
572
573
574
576
578
579
580
581
582
583
588
589
591
592
593
595
599
601
602
603
604
605
610
611
612
624
625
626
628
631
632
633
635
636
637
641
642
644
646
647
650
652
653
654
655
657
659
661
662
663
664
665
671
672
673
674
675
677
678
679
680
681
682
683
687
688
689
690
691
692
693
694
695
696
697
698
699
703
704
705
707
710
714
717
720
721
722
723
727
729
733
735
736
743
757
758
761
762
763
765
766
767
769
770
772
773
781
783
784
787
788
789
791
794
796
798
800
801
804
805
806
807
808
809
810
811
814
815
827
830
831
836
838
839
842
846
847
848
850
852
856
857
858
859
860
872
876
887
891
893
894
897
900
901
903
904
905
907
915
917
918
920
921
922
924
926
927
928
934
937
938
939
941
943
945
946
948
949
952
954
955
956
957
961
962
964
966
967
970
971
972
973
974
975
977
979
981
982
984
985
986
989
990
991
992
993
994
996
997
1000
1001
1002
1003
1004
1005
1006
1008
1009
1010
1011
1019
1021
1031
1032
1033
1034
1038
1039
1040
1042
1043
1045
1046
1047
1051
1052
1053
1054
1055
1056
1059
1062
1064
1066
1067
1068
1070
1071
1072
1074
1075
1076
1080
1081
1082
1090
1091
1092
1093
1097
1103
1104
1106
1107
1111
1114
1116
1117
1118
1119
1124
1125
1126
1129
1130
1131
1132
1133
1134
1135
1136
1137
1139
1143
1144
1145
1149
1151
1154
1155
1156
1157
1165
1166
1171
1172
1173
1175
1178
1182
1183
1184
1185
1187
1188
1190
1191
1192
1193
1195
1197
1198
1199
1200
1201
1204
1205
1207
1208
1212
1213
1216
1222
1224
1225
1226
1227
1229
1230
1231
1232
1233
1234
1235
1237
1238
1239
1246
1247
1248
1249
1250
1253
1254
1255
1258
1259
1261
1262
1263
1264
1266
1267
1270
1271
1274
1276
1277
1280
1281
1283
1285
1289
1292
1301
1303
1304
1306
1307
1309
1310
1311
1312
1313
1315
1319
1321
1323
1325
1326
1327
1329
1332
1334
1335
1336
1339
1343
1349
1350
1351
1352
1355
1356
1363
1364
1365
1366
1368
1370
1371
1374
1378
1381
1382
1383
1385
1386
1390
1393
1398
1399
