12
21
22
23
24
29
36
37
44
45
49
50
54
55
61
62
66
71
72
74
77
81
82
84
88
89
94
98
101
102
120
123
135
142
144
145
154
163
168
185
240
260
267
268
269
270
272
274
283
294
295
303
305
306
310
314
325
329
333
338
339
342
343
344
347
348
352
353
354
364
366
369
378
383
387
395
396
398
406
435
436
437
438
481
489
493
497
509
522
524
538
539
546
549
550
553
554
555
559
560
564
565
566
570
571
572
575
576
580
584
585
606
623
625
628
635
645
646
651
655
661
662
666
667
668
670
689
690
754
767
773
784
789
861
869
872
873
899
912
959
962
963
979
980
981
983
1002
1004
1040
1099
1104
1106
1107
1147
1158
1159
1161
1185
1191
1192
1198
1200
1204
1213
1215
1217
1222
1226
1236
1241
1244
1250
1258
1263
1264
1268
1281
1282
1283
1300
1307
1345
1348
1355
1366
1381
1386
1393
1394
1395
